"nlrc" "nsrc" "wn"
793.047979221099 798.638990418152 752.612952398254
813.752584990624 797.47574627925 777.126331107307
795.517756742927 785.003983183208 870.568852403402
787.08614818985 823.86634756947 830.874647502521
791.152824128961 762.70007214556 813.198607889844
779.136332934649 810.435927323174 779.036058859014
756.070622121931 756.675896645856 829.126458119842
758.614167491528 766.212064987372 804.799102896812
743.964479022908 761.925619199486 818.941357795952
820.795383843275 788.631429952368 788.210044716648
807.899629471473 800.56796360007 755.72754385594
792.964949233464 819.906582013719 787.899187799814
790.87064892765 782.212695619214 760.270353559597
800.664802400236 791.809618182941 809.628919655593
806.911282843886 854.369263741952 743.360389741643
807.236383014142 854.005450449757 820.042420386035
819.279205345677 801.542183894713 824.804881524961
726.175582471265 770.863039352106 785.33125874936
739.696590558392 827.491401836801 778.43402120833
740.144178362826 837.432239979581 784.287558435285
716.314125193466 811.994052619359 770.111612578484
761.865601318248 837.898120548033 812.236988861451
781.968860289335 782.293957169328 808.159890992815
777.910929846208 780.286695290273 816.59212105946
774.366560280789 842.796065851826 798.527100964589
733.009544018453 835.057868933458 812.275698085317
760.287234501482 816.978006363713 818.132211240362
777.650721396602 830.139567970807 836.661133685408
741.241037279374 822.0922945362 779.31697168339
749.336735935832 804.353280307238 795.037811954545
743.936902887299 791.45781733503 789.412767811979
737.428493381683 792.00974699952 786.489010297264
755.260454825869 801.779899196287 829.517238755579
754.926719173396 807.781591012038 735.386184227772
753.337999506721 825.854926604053 796.591985689271
750.163738572353 781.952222035224 719.376218994126
746.788489532297 789.748174310171 772.633984749187
770.505471472324 771.696836340042 813.611003953889
750.746645655025 822.486018692532 736.235985321109
752.593235492091 811.356065067894 834.273136522762
718.568859167996 809.408459190461 832.530112191886
742.446831020962 777.566785902009 744.934491423255
728.726100615374 766.255112448753 854.11933963974
715.782666676815 736.804565898143 844.126628884964
759.241051865611 714.249184111396 864.59997221293
769.692184214504 751.331254712602 795.451810508933
730.597328357957 799.202405299159 827.675137645879
731.089224848944 772.616829297749 858.211608067373
749.1995839607 768.912002403836 800.17649717249
758.182102434153 788.984840491168 779.130855016315
738.714678509367 810.768925926557 776.682846044453
734.897025225803 775.410125739555 795.378700959515
740.841775850558 758.770300026028 832.056702778959
752.322144101638 816.363781533634 852.762890437451
729.9863588251 838.898884358386 784.109318955092
752.650006900369 861.51440770998 732.558239357541
756.245741300641 811.404657072362 750.319596559697
784.115667059561 818.631674692962 849.706081128967
770.873230906365 791.297700042667 850.429209426636
796.866779768808 784.66899413181 750.755501713544
769.329262153224 809.237561996517 750.422304073151
731.042044322221 797.768960634912 791.726802850469
805.211440048966 790.404937629845 812.662607708865
728.383893033634 830.993078228663 795.453644548378
743.009522845918 856.244339826629 793.584227342446
737.110154365907 838.35103999097 827.512105422426
799.203446634271 803.34402287615 780.989530581903
767.253499021744 780.311536706563 735.956581008637
767.032602114734 747.272239004965 857.29519398154
790.518325175708 761.373470535318 772.078108451815
789.629452744188 803.540009314095 808.166740787237
739.873090739445 823.491544590442 838.276934974059
720.664164714394 831.309374250933 816.368962760618
719.514073604725 829.00786058332 796.078139816513
716.585686841668 868.954558765903 804.266763261022
781.395399170179 895.435070513267 745.121316276642
728.630563829209 849.421084530171 801.751231509755
757.851110619732 896 736.726466894872
766.000632030028 880.413413010547 765.10012178345
805.339461631429 840.125115305973 804.050934491454
767.068883519465 803.326068861171 774.269446585217
756.675525188998 765.599159616585 743.252730868153
780.305326767337 809.55019327718 778.470232941394
769.60729776973 809.131761240717 789.503333814785
793.283639440877 836.607930102592 797.343375247469
766.723289187697 828.377049157404 765.196882802762
747.141729136802 836.030007648391 834.651538536028
747.273635851198 806.296139429342 817.029850055803
707.030825445558 824.752610169632 794.433018765967
751.327285413666 800.137016538658 790.78969905857
725.030434659165 735.645491024664 803.789338872422
729.726453348947 755.330496502935 803.805352725066
715.57818525272 829.877689394709 812.001923824538
704 838.60580724682 788.015016110289
754.471268310985 769.744063220545 740.79752005154
769.626510640471 768.720044701225 845.970141686145
792.906384428466 755.881509539416 731.437397661843
799.162561547146 754.079116973316 809.764385207249
768.188131593507 809.624228485349 823.405853411501
751.558303946286 783.087277490699 773.224378228117
752.798767246449 772.805395490773 775.570220375237
749.079039068473 778.194663738657 837.167878968525
738.369914257261 790.112268739269 796.845602213807
732.940990369044 754.134306762593 811.527022386463
719.44485239173 754.574876242352 800.60798714452
743.610086045752 762.536351182612 778.529761726921
775.268023782703 764.812520180217 750.206162069474
741.446562518969 758.451055312671 826.53953184491
739.904137541424 757.650087908913 816.303401633692
780.990196780818 787.196577983021 744.808008773977
796.378808477523 790.633939357659 774.161499704818
762.954386516001 773.345372971657 790.944631063632
744.979793040001 795.56091251587 811.092679623698
758.656898158849 827.809892666697 832.168754855668
776.515899330102 788.873256908417 774.645933825827
802.696095454037 825.740846253669 728.516537098408
793.058681656454 782.288873114734 732.748729776471
787.566713912857 776.49529651698 794.516097800608
775.113401698634 840.103008772175 749.316335343083
772.415941984409 805.103413315175 785.615362122345
767.714757140444 768.708818138955 820.399564388645
742.56714605005 776.77936164222 772.860017224111
798.811092104722 798.169352823009 768.855188902415
768.930967812798 783.911323616209 873.990626882105
761.868238627272 806.226219610369 788.354426142856
783.843937934019 775.335264307406 840.303350074972
781.534665719585 713.015619001902 806.643580347956
751.367490222054 756.440957368405 791.941588347202
714.904729913919 729.040422079265 770.384319659159
748.630538228951 752.239034074389 768.466841952441
753.59265035592 757.856408888413 786.507790765395
730.691799717445 785.824500531462 813.604519455335
746.151925861442 786.597687473167 768.441440498413
750.965190906201 735.736324834447 768.164325057521
742.231396307441 773.843938715524 720.057101957175
786.601615165167 800.202444934267 787.786280229941
764.266430526436 792.118133877551 806.740990054961
772.525896376765 773.69176176222 842.737752179171
743.536147431462 800.966892728929 842.285103775405
735.738893176736 810.619772108057 887.447775756879
790.277874426378 749.472474355324 813.145073421838
755.784031275091 788.314589977913 830.678894406982
791.115586697991 774.468055574537 831.558471376251
778.143508125041 802.107629553125 818.037635967265
767.307583922993 759.580494178918 794.344360089375
755.632110801247 788.013708977521 785.155262493062
795.206873582356 746.764584400255 816.664329580615
741.791840055541 814.675812002329 837.673800003536
736.307965042953 827.353044851777 808.276236947878
760.652548712279 805.487239533198 794.025940632127
740.773988924954 796.73977486482 760.329787443636
745.476062798656 845.108034506765 833.148188918273
782.269165023634 813.958575710662 769.291863406307
755.440995199284 796.798116868322 800.46569374358
772.734076852313 820.788017731226 787.755720708479
812.187043315624 773.551786625633 823.806128645576
798.377287532502 753.408652768276 796.64769384721
784.899375924547 802.006263490555 815.206140331917
853.512079596485 795.973996442125 778.332495552554
816.944958102468 805.507657074794 704
807.975862276296 810.550486757252 780.474546261997
811.478067974019 854.862840935519 811.714656514421
780.210136993654 776.670908815262 807.551349372528
797.070599485248 704 761.590038119225
789.750311871235 716.481873853096 759.301388843434
824.261715500866 741.202547646564 759.616776892864
755.636245040928 755.773333663308 786.987367810694
774.80733351423 787.246526367118 853.682564784487
773.930288312423 813.924347871161 778.45425206564
823.841809533244 817.012699595354 847.322705566903
822.862674531201 809.721622001971 858.162945988993
816.186864902031 865.921554322107 788.149739704407
777.542795430438 849.568688777152 813.091403720135
788.565240494045 822.153215119734 841.305180048001
781.591457544153 812.79895462642 758.125102732101
830.497229214658 803.777206855464 726.971640961539
849.838031957752 830.052700657408 788.542435184874
801.85217365873 817.462746689356 818.882605714414
831.729618644948 823.161735270999 729.646366670324
796.033270716328 845.038232160654 896
797.09902530112 814.309277255053 763.076293934669
799.121547037584 798.958225400547 806.488105154513
843.839474140141 771.723457104794 799.340369738734
813.727508167918 734.39990574279 793.219759618638
834.935235164676 811.319093618578 810.175710605263
813.63762020853 808.150575405461 786.451464502382
787.435569571399 814.864462918518 783.603248993125
812.394697728693 762.164078831375 766.780875146729
768.646576299009 759.798524271869 818.413908983824
769.936818422352 800.986499315308 767.512318394629
768.992022146428 777.175773520433 827.725220426077
828.845669311815 790.02079119005 795.383657302002
823.749441884348 801.442586503532 771.558545177225
862.638032571322 790.606321629027 814.007633936238
833.515677243108 798.365641680574 828.379299085895
853.588377717439 800.355571527177 729.0813359443
895.455653689078 797.443693295227 821.568991753511
869.478527941113 805.165012411429 816.009843288535
882.610061784128 766.453654531599 791.481911796132
889.227133679875 786.163246412428 818.271052967116
878.643118706972 807.826235249725 794.772199471127
834.586139894364 833.191672587786 799.927122426699
821.346967844656 842.926273829879 867.812544725489
808.863608658266 841.442769270919 797.130729443079
831.949256953668 817.361680087621 766.083639544399
802.971094122105 857.02059759338 821.005538621903
896 832.933410830898 786.52373751996
841.241285180577 817.121791818305 732.402056545437
799.23220650516 797.828171119636 816.041343611645
866.309932002162 743.348493665345 790.498720102007
814.310434910641 756.539102664137 795.866433246421
779.222459469845 746.598431685639 823.463681097687
831.199097017851 739.033159567038 835.16820284885
788.595791220063 727.500687555779 793.977572734916
733.457084904497 751.689606740155 768.288355843269
789.507786888766 800.827406055212 851.127729129839
785.575287610617 850.055258834728 794.818742754308
771.432680068456 880.309542172493 791.476554373159
832.962749281415 819.110291706059 772.859721350751
788.958728829045 832.379065139389 727.110573545571
779.28843079965 833.150902091896 833.256327857811
825.363092653925 812.096438201537 813.9853537383
789.905181477164 799.445372023365 832.907964293226
823.109216439581 766.840936966434 811.567357867531
797.098618332911 761.079409565443 764.84905563886
